Iteration     : 1
CompLabel     : FX
averageVal1   : 0.01036
averageVal2   : -0.00148
AVG_MAG_VAL   : -0.00047
rmsVal1       : 0.10655
rmsVal2       : 0.10655
AVG_RMS_Val   : 0.10655
amplitudeVal1 : 0.03344
amplitudeVal2 : 0.01169
AVG_AMP_VAL   : 0.03344
Label 1       : a
Label 2       : a
t1Start       : 0.00000
t1End         : 16.57500
t2Start       : 16.57500
t2End         : 16.60500
tAvgIndex     : 8.30250

