Iteration     : 1
CompLabel     : FX
averageVal1   : 0.00136
averageVal2   : -0.02997
AVG_MAG_VAL   : -0.00267
rmsVal1       : 0.02803
rmsVal2       : 0.02803
AVG_RMS_Val   : 0.05881
amplitudeVal1 : 0.01885
amplitudeVal2 : 0.03405
AVG_AMP_VAL   : 0.05880
Label 1       : a
Label 2       : a
t1Start       : 0.00000
t1End         : 15.25000
t2Start       : 15.25000
t2End         : 16.53000
tAvgIndex     : 8.26500

