Iteration     : 1
CompLabel     : FX
averageVal1   : 0.02859
averageVal2   : 0.01667
AVG_MAG_VAL   : 0.01558
rmsVal1       : 0.03974
rmsVal2       : 0.03974
AVG_RMS_Val   : 0.10868
amplitudeVal1 : 0.02357
amplitudeVal2 : 0.17348
AVG_AMP_VAL   : 0.17348
Label 1       : a
Label 2       : a
t1Start       : 0.00000
t1End         : 15.75000
t2Start       : 15.75000
t2End         : 15.81500
tAvgIndex     : 7.90750

