Iteration     : 1
CompLabel     : FX
averageVal1   : 0.02829
averageVal2   : 0.02643
AVG_MAG_VAL   : 0.02390
rmsVal1       : 0.09545
rmsVal2       : 0.04709
AVG_RMS_Val   : 0.09545
amplitudeVal1 : 0.14760
amplitudeVal2 : 0.05086
AVG_AMP_VAL   : 0.14760
Label 1       : a
Label 2       : a
t1Start       : 0.00000
t1End         : 12.70000
t2Start       : 12.70000
t2End         : 15.47000
tAvgIndex     : 7.73500

