Iteration     : 1
CompLabel     : a
averageVal1   : 0.01165
averageVal2   : 0.00539
AVG_MAG_VAL   : 0.00864
rmsVal1       : 0.01831
rmsVal2       : 0.01831
AVG_RMS_Val   : 0.03762
amplitudeVal1 : 0.02621
amplitudeVal2 : 0.00543
AVG_AMP_VAL   : 0.02621
Label 1       : bpos
Label 2       : bpos
t1Start       : 0.00000
t1End         : 16.02500
t2Start       : 16.02500
t2End         : 16.42500
tAvgIndex     : 8.21250

