Iteration     : 1
CompLabel     : FX
averageVal1   : 0.02931
averageVal2   : 0.02789
AVG_MAG_VAL   : 0.02390
rmsVal1       : 0.03430
rmsVal2       : 0.03430
AVG_RMS_Val   : 0.06249
amplitudeVal1 : 0.03339
amplitudeVal2 : 0.07932
AVG_AMP_VAL   : 0.07932
Label 1       : bpos
Label 2       : bpos
t1Start       : 0.00000
t1End         : 15.35000
t2Start       : 15.35000
t2End         : 15.96500
tAvgIndex     : 7.98250

