Iteration     : 1
CompLabel     : a
averageVal1   : -0.01503
averageVal2   : 0.15482
AVG_MAG_VAL   : 0.11543
rmsVal1       : -0.00602
rmsVal2       : -0.00602
AVG_RMS_Val   : 1.33672
amplitudeVal1 : 0.01921
amplitudeVal2 : 0.96542
AVG_AMP_VAL   : 0.96542
Label 1       : bpos
Label 2       : bpos
t1Start       : 0.00000
t1End         : 13.17500
t2Start       : 13.17500
t2End         : 15.94000
tAvgIndex     : 7.97000

