Iteration     : 1
CompLabel     : a
averageVal1   : 0.01162
averageVal2   : 0.01112
AVG_MAG_VAL   : 0.01137
rmsVal1       : 0.03762
rmsVal2       : 0.10034
AVG_RMS_Val   : 0.10034
amplitudeVal1 : 0.03263
amplitudeVal2 : 0.00517
AVG_AMP_VAL   : 0.03263
Label 1       : bneg
Label 2       : bneg
t1Start       : 0.00000
t1End         : 15.02500
t2Start       : 15.02500
t2End         : 15.94000
tAvgIndex     : 11.49750

