Iteration     : 1
CompLabel     : FX
averageVal1   : 0.01292
averageVal2   : -0.00791
AVG_MAG_VAL   : -0.00269
rmsVal1       : 0.01979
rmsVal2       : 0.01979
AVG_RMS_Val   : 0.04205
amplitudeVal1 : 0.01605
amplitudeVal2 : 0.05782
AVG_AMP_VAL   : 0.05962
Label 1       : bpos
Label 2       : bpos
t1Start       : 0.00000
t1End         : 15.67500
t2Start       : 15.67500
t2End         : 16.49000
tAvgIndex     : 8.24500

