Iteration     : 1
CompLabel     : FX
averageVal1   : -0.32331
averageVal2   : -0.91174
AVG_MAG_VAL   : -0.65832
rmsVal1       : -0.11289
rmsVal2       : -0.11289
AVG_RMS_Val   : -0.11289
amplitudeVal1 : 0.43849
amplitudeVal2 : 0.15164
AVG_AMP_VAL   : 0.43849
Label 1       : bpos
Label 2       : bpos
t1Start       : 0.00000
t1End         : 3.97500
t2Start       : 3.97500
t2End         : 16.20000
tAvgIndex     : 8.10000

