Iteration     : 1
CompLabel     : FX
averageVal1   : -0.01269
averageVal2   : -0.00890
AVG_MAG_VAL   : -0.01500
rmsVal1       : -0.00197
rmsVal2       : -0.00197
AVG_RMS_Val   : 0.04625
amplitudeVal1 : 0.01881
amplitudeVal2 : 0.02227
AVG_AMP_VAL   : 0.02591
Label 1       : bpos
Label 2       : bpos
t1Start       : 0.00000
t1End         : 5.47500
t2Start       : 5.47500
t2End         : 16.20000
tAvgIndex     : 8.10000

