Iteration     : 1
CompLabel     : FX
averageVal1   : 0.38765
averageVal2   : 1.09773
AVG_MAG_VAL   : 1.05619
rmsVal1       : 0.60280
rmsVal2       : 0.60280
AVG_RMS_Val   : 1.68195
amplitudeVal1 : 0.44714
amplitudeVal2 : 0.34492
AVG_AMP_VAL   : 0.44714
Label 1       : a
Label 2       : a
t1Start       : 0.00000
t1End         : 16.17500
t2Start       : 16.17500
t2End         : 16.20000
tAvgIndex     : 8.10000

