Iteration     : 1
CompLabel     : a
averageVal1   : 0.00628
averageVal2   : 0.00628
AVG_MAG_VAL   : 0.00628
rmsVal1       : 0.03762
rmsVal2       : 0.03762
AVG_RMS_Val   : 0.03762
amplitudeVal1 : 0.03263
amplitudeVal2 : 0.03263
AVG_AMP_VAL   : 0.03263
Label 1       : bneg
Label 2       : bneg
t1Start       : 0.00000
t1End         : 16.40500
t2Start       : 0.00000
t2End         : 16.40500
tAvgIndex     : 8.20250

