Iteration     : 1
CompLabel     : a
averageVal1   : -0.01120
averageVal2   : 0.03440
AVG_MAG_VAL   : 0.03165
rmsVal1       : -0.00484
rmsVal2       : -0.00484
AVG_RMS_Val   : 0.64372
amplitudeVal1 : 0.01329
amplitudeVal2 : 0.56314
AVG_AMP_VAL   : 0.56314
Label 1       : bpos
Label 2       : bpos
t1Start       : 0.00000
t1End         : 16.32500
t2Start       : 16.32500
t2End         : 16.40500
tAvgIndex     : 8.20250

