Iteration     : 1
CompLabel     : a
averageVal1   : -0.00917
averageVal2   : -0.00283
AVG_MAG_VAL   : -0.00600
rmsVal1       : 0.01643
rmsVal2       : 0.20755
AVG_RMS_Val   : 0.20755
amplitudeVal1 : 0.01320
amplitudeVal2 : 0.00508
AVG_AMP_VAL   : 0.01320
Label 1       : bneg
Label 2       : bneg
t1Start       : 0.00000
t1End         : 15.02500
t2Start       : 15.02500
t2End         : 16.40500
tAvgIndex     : 11.61375

