Iteration     : 1
CompLabel     : a
averageVal1   : -0.00283
averageVal2   : 0.08584
AVG_MAG_VAL   : 0.02620
rmsVal1       : 0.02289
rmsVal2       : 0.02289
AVG_RMS_Val   : 0.55408
amplitudeVal1 : 0.01808
amplitudeVal2 : 0.11574
AVG_AMP_VAL   : 0.11574
Label 1       : bpos
Label 2       : bpos
t1Start       : 0.00000
t1End         : 15.90000
t2Start       : 15.90000
t2End         : 16.40500
tAvgIndex     : 8.20250

