Iteration     : 1
CompLabel     : FX
averageVal1   : 0.01396
averageVal2   : 0.01742
AVG_MAG_VAL   : 0.00875
rmsVal1       : 0.02331
rmsVal2       : 0.02331
AVG_RMS_Val   : 0.05225
amplitudeVal1 : 0.02857
amplitudeVal2 : 0.02460
AVG_AMP_VAL   : 0.06295
Label 1       : a
Label 2       : a
t1Start       : 0.00000
t1End         : 14.97500
t2Start       : 14.97500
t2End         : 15.55000
tAvgIndex     : 7.77500

